12 5 1 0 
11 5 1 
10 5 1 0 
7 2 1 0 
11 5 1 0 
13 5 2 0 
10 4 1 0 
12 5 1 0 
12 5 2 0 
9 4 1 0 
8 3 1 0 
8 3 1 0 
10 5 1 0 
11 5 1 0 
9 4 1 0 
8 4 1 0 
7 3 1 
13 5 2 0 
12 5 1 
10 5 1 0 
12 5 2 0 
10 4 1 0 
10 4 1 0 
12 5 2 0 
12 5 2 0 
11 5 1 
7 3 1 0 
10 5 
8 3 1 0 
7 2 1 0 
8 3 1 
7 3 1 0 
8 3 1 
7 3 1 0 
7 3 1 0 
7 4 
10 4 1 0 
11 5 1 
13 5 2 0 
8 4 1 0 
8 4 1 0 
10 4 1 
8 4 1 0 
12 5 2 0 
10 4 1 0 
8 4 1 0 
12 5 2 0 
12 5 2 
8 3 1 0 
11 5 1 0 
8 4 1 0 
12 5 1 
12 5 2 0 
10 5 1 0 
10 5 1 0 
8 4 1 0 
10 5 1 
12 6 
10 4 1 0 
12 6 
14 
12 5 1 0 
13 5 2 0 
12 5 1 0 
7 3 
11 5 1 0 
